  0 85 72  7 49 46 87 58 17 68 27 21  6 67 26 82 44 35  3 62
 85  0  8 51  1 91 39 87 72 45 96  7 87 68 33  3 21 90 45 47
 72  8  0 25 30 43 97 33 35 61 42 36 43  7 84  6  0  0 48 62
  7 51 25  0 59 29 94 82 29  3  3 51 67 39 15 66 42 23 62 62
 49  1 30 59  0 28 76 66 82 98 35 15 17 77 44 26 76 86 60 62
 46 91 43 29 28  0 62 83 91 57 62 36  2  2 43 65 37 49 61  5
 87 39 97 94 76 62  0 34 53 96 82 48 28 31 75  1 95  7 92 69
 58 87 33 82 66 83 34  0 62 32 97  5 39 50 82 93 71 35 14 20
 17 72 35 29 82 91 53 62  0 74 49 50 37 79 19 51 70 42 26 79
 68 45 61  3 98 57 96 32 74  0 98 60 35  9 96 70 21 37 37 67
 27 96 42  3 35 62 82 97 49 98  0 93 93 39  2 52 26 90 26  1
 21  7 36 51 15 36 48  5 50 60 93  0 68 93  7 94 19 54 37  0
  6 87 43 67 17  2 28 39 37 35 93 68  0 20 12 11 66 84 80  1
 67 68  7 39 77  2 31 50 79  9 39 93 20  0 55  9 21 12 65  7
 26 33 84 15 44 43 75 82 19 96  2  7 12 55  0 17 51 84 87  2
 82  3  6 66 26 65  1 93 51 70 52 94 11  9 17  0 27 82 71 71
 44 21  0 42 76 37 95 71 70 21 26 19 66 21 51 27  0 40 93 27
 35 90  0 23 86 49  7 35 42 37 90 54 84 12 84 82 40  0 93 92
  3 45 48 62 60 61 92 14 26 37 26 37 80 65 87 71 93 93  0 34
 62 47 62 62 62  5 69 20 79 67  1  0  1  7  2 71 27 92 34  0
 